{
 "cells": [
  {
   "cell_type": "code",
   "execution_count": 67,
   "metadata": {},
   "outputs": [],
   "source": [
    "import pandas as pd\n",
    "from statsmodels.formula.api import ols\n",
    "\n",
    "\n",
    "train_senic_df = pd.read_csv('./senic_train.csv')\n",
    "val_senic_df = pd.read_csv('./senic_validation.csv')\n",
    "# test= pd.read_csv('senic.csv')"
   ]
  },
  {
   "cell_type": "code",
   "execution_count": 70,
   "metadata": {},
   "outputs": [],
   "source": [
    "senic_columns = test.columns\n",
    "\n",
    "y = 'infection_risk'\n",
    "x = \"\"\"~ stay_length + age + culture_ratio + chest_ratio + bed_count + med_school + \n",
    "C(region) + nurses_per_bed + capacity_ratio\"\"\""
   ]
  },
  {
   "cell_type": "code",
   "execution_count": 71,
   "metadata": {},
   "outputs": [
    {
     "name": "stdout",
     "output_type": "stream",
     "text": [
      "                            OLS Regression Results                            \n",
      "==============================================================================\n",
      "Dep. Variable:         infection_risk   R-squared:                       0.671\n",
      "Model:                            OLS   Adj. R-squared:                  0.617\n",
      "Method:                 Least Squares   F-statistic:                     12.40\n",
      "Date:                Tue, 20 Apr 2021   Prob (F-statistic):           2.42e-12\n",
      "Time:                        14:35:08   Log-Likelihood:                -88.680\n",
      "No. Observations:                  79   AIC:                             201.4\n",
      "Df Residuals:                      67   BIC:                             229.8\n",
      "Df Model:                          11                                         \n",
      "Covariance Type:            nonrobust                                         \n",
      "==================================================================================\n",
      "                     coef    std err          t      P>|t|      [0.025      0.975]\n",
      "----------------------------------------------------------------------------------\n",
      "Intercept         -6.3988      1.880     -3.404      0.001     -10.151      -2.646\n",
      "C(region)[T.2]     0.5841      0.270      2.160      0.034       0.044       1.124\n",
      "C(region)[T.3]     0.2760      0.263      1.048      0.298      -0.250       0.802\n",
      "C(region)[T.4]     1.7671      0.379      4.664      0.000       1.011       2.523\n",
      "stay_length        0.4380      0.095      4.592      0.000       0.248       0.628\n",
      "age                0.0244      0.025      0.988      0.327      -0.025       0.074\n",
      "culture_ratio      0.0394      0.012      3.335      0.001       0.016       0.063\n",
      "chest_ratio        0.0129      0.006      2.248      0.028       0.001       0.024\n",
      "bed_count          0.0014      0.001      2.192      0.032       0.000       0.003\n",
      "med_school         0.6034      0.343      1.760      0.083      -0.081       1.288\n",
      "nurses_per_bed     0.7599      0.534      1.424      0.159      -0.305       1.825\n",
      "capacity_ratio     1.4676      0.955      1.537      0.129      -0.438       3.373\n",
      "==============================================================================\n",
      "Omnibus:                        1.851   Durbin-Watson:                   1.764\n",
      "Prob(Omnibus):                  0.396   Jarque-Bera (JB):                1.264\n",
      "Skew:                           0.282   Prob(JB):                        0.531\n",
      "Kurtosis:                       3.255   Cond. No.                     6.74e+03\n",
      "==============================================================================\n",
      "\n",
      "Warnings:\n",
      "[1] Standard Errors assume that the covariance matrix of the errors is correctly specified.\n",
      "[2] The condition number is large, 6.74e+03. This might indicate that there are\n",
      "strong multicollinearity or other numerical problems.\n"
     ]
    }
   ],
   "source": [
    "train_fit = ols(y + x,\n",
    "            data=train_senic_df).fit()\n",
    "\n",
    "print(train_fit.summary())\n",
    "\n",
    "\n"
   ]
  },
  {
   "cell_type": "code",
   "execution_count": 73,
   "metadata": {},
   "outputs": [
    {
     "name": "stdout",
     "output_type": "stream",
     "text": [
      "                            OLS Regression Results                            \n",
      "==============================================================================\n",
      "Dep. Variable:         infection_risk   R-squared:                       0.603\n",
      "Model:                            OLS   Adj. R-squared:                  0.447\n",
      "Method:                 Least Squares   F-statistic:                     3.860\n",
      "Date:                Tue, 20 Apr 2021   Prob (F-statistic):            0.00187\n",
      "Time:                        14:35:42   Log-Likelihood:                -52.779\n",
      "No. Observations:                  40   AIC:                             129.6\n",
      "Df Residuals:                      28   BIC:                             149.8\n",
      "Df Model:                          11                                         \n",
      "Covariance Type:            nonrobust                                         \n",
      "==================================================================================\n",
      "                     coef    std err          t      P>|t|      [0.025      0.975]\n",
      "----------------------------------------------------------------------------------\n",
      "Intercept         -3.3328      3.358     -0.992      0.330     -10.212       3.547\n",
      "C(region)[T.2]     0.4298      0.607      0.708      0.485      -0.814       1.673\n",
      "C(region)[T.3]     0.7466      0.681      1.096      0.282      -0.649       2.142\n",
      "C(region)[T.4]     0.5874      0.802      0.732      0.470      -1.055       2.230\n",
      "stay_length        0.2414      0.128      1.882      0.070      -0.021       0.504\n",
      "age                0.0138      0.047      0.295      0.771      -0.082       0.110\n",
      "culture_ratio      0.0606      0.022      2.728      0.011       0.015       0.106\n",
      "chest_ratio        0.0025      0.011      0.226      0.823      -0.020       0.025\n",
      "bed_count          0.0011      0.001      1.028      0.313      -0.001       0.003\n",
      "med_school         0.3371      0.604      0.558      0.581      -0.900       1.574\n",
      "nurses_per_bed     2.0671      1.102      1.876      0.071      -0.190       4.324\n",
      "capacity_ratio     0.9660      2.579      0.375      0.711      -4.316       6.248\n",
      "==============================================================================\n",
      "Omnibus:                        1.503   Durbin-Watson:                   2.354\n",
      "Prob(Omnibus):                  0.472   Jarque-Bera (JB):                1.063\n",
      "Skew:                          -0.072   Prob(JB):                        0.588\n",
      "Kurtosis:                       2.214   Cond. No.                     7.75e+03\n",
      "==============================================================================\n",
      "\n",
      "Warnings:\n",
      "[1] Standard Errors assume that the covariance matrix of the errors is correctly specified.\n",
      "[2] The condition number is large, 7.75e+03. This might indicate that there are\n",
      "strong multicollinearity or other numerical problems.\n"
     ]
    }
   ],
   "source": [
    "val_fit = ols(y + x, \n",
    "            data=val_senic_df).fit()\n",
    "\n",
    "print(val_fit.summary())"
   ]
  },
  {
   "cell_type": "code",
   "execution_count": 44,
   "metadata": {},
   "outputs": [
    {
     "data": {
      "text/html": [
       "<div>\n",
       "<style scoped>\n",
       "    .dataframe tbody tr th:only-of-type {\n",
       "        vertical-align: middle;\n",
       "    }\n",
       "\n",
       "    .dataframe tbody tr th {\n",
       "        vertical-align: top;\n",
       "    }\n",
       "\n",
       "    .dataframe thead th {\n",
       "        text-align: right;\n",
       "    }\n",
       "</style>\n",
       "<table border=\"1\" class=\"dataframe\">\n",
       "  <thead>\n",
       "    <tr style=\"text-align: right;\">\n",
       "      <th></th>\n",
       "      <th>train_coef</th>\n",
       "      <th>val_coef</th>\n",
       "      <th>train_se</th>\n",
       "      <th>val_se</th>\n",
       "    </tr>\n",
       "  </thead>\n",
       "  <tbody>\n",
       "    <tr>\n",
       "      <th>Intercept</th>\n",
       "      <td>-4.593577</td>\n",
       "      <td>-2.313448</td>\n",
       "      <td>1.457893</td>\n",
       "      <td>2.507771</td>\n",
       "    </tr>\n",
       "    <tr>\n",
       "      <th>stay_length</th>\n",
       "      <td>0.438024</td>\n",
       "      <td>0.241389</td>\n",
       "      <td>0.095385</td>\n",
       "      <td>0.128246</td>\n",
       "    </tr>\n",
       "    <tr>\n",
       "      <th>age</th>\n",
       "      <td>0.024393</td>\n",
       "      <td>0.013824</td>\n",
       "      <td>0.024687</td>\n",
       "      <td>0.046937</td>\n",
       "    </tr>\n",
       "    <tr>\n",
       "      <th>culture_ratio</th>\n",
       "      <td>0.039384</td>\n",
       "      <td>0.060616</td>\n",
       "      <td>0.011809</td>\n",
       "      <td>0.022222</td>\n",
       "    </tr>\n",
       "    <tr>\n",
       "      <th>chest_ratio</th>\n",
       "      <td>0.012904</td>\n",
       "      <td>0.002464</td>\n",
       "      <td>0.005741</td>\n",
       "      <td>0.010897</td>\n",
       "    </tr>\n",
       "    <tr>\n",
       "      <th>bed_count</th>\n",
       "      <td>0.001369</td>\n",
       "      <td>0.001129</td>\n",
       "      <td>0.000625</td>\n",
       "      <td>0.001099</td>\n",
       "    </tr>\n",
       "    <tr>\n",
       "      <th>med_school</th>\n",
       "      <td>0.603350</td>\n",
       "      <td>0.337098</td>\n",
       "      <td>0.342872</td>\n",
       "      <td>0.603905</td>\n",
       "    </tr>\n",
       "    <tr>\n",
       "      <th>nurses_per_bed</th>\n",
       "      <td>0.759857</td>\n",
       "      <td>2.067059</td>\n",
       "      <td>0.533579</td>\n",
       "      <td>1.102020</td>\n",
       "    </tr>\n",
       "    <tr>\n",
       "      <th>capacity_ratio</th>\n",
       "      <td>1.467618</td>\n",
       "      <td>0.966024</td>\n",
       "      <td>0.954801</td>\n",
       "      <td>2.578747</td>\n",
       "    </tr>\n",
       "    <tr>\n",
       "      <th>region_1</th>\n",
       "      <td>-1.805209</td>\n",
       "      <td>-1.019312</td>\n",
       "      <td>0.451117</td>\n",
       "      <td>0.912233</td>\n",
       "    </tr>\n",
       "    <tr>\n",
       "      <th>region_2</th>\n",
       "      <td>-1.221096</td>\n",
       "      <td>-0.589537</td>\n",
       "      <td>0.384429</td>\n",
       "      <td>0.638521</td>\n",
       "    </tr>\n",
       "    <tr>\n",
       "      <th>region_3</th>\n",
       "      <td>-1.529168</td>\n",
       "      <td>-0.272697</td>\n",
       "      <td>0.420995</td>\n",
       "      <td>0.774255</td>\n",
       "    </tr>\n",
       "    <tr>\n",
       "      <th>region_4</th>\n",
       "      <td>-0.038105</td>\n",
       "      <td>-0.431902</td>\n",
       "      <td>0.385425</td>\n",
       "      <td>0.682175</td>\n",
       "    </tr>\n",
       "  </tbody>\n",
       "</table>\n",
       "</div>"
      ],
      "text/plain": [
       "                train_coef  val_coef  train_se    val_se\n",
       "Intercept        -4.593577 -2.313448  1.457893  2.507771\n",
       "stay_length       0.438024  0.241389  0.095385  0.128246\n",
       "age               0.024393  0.013824  0.024687  0.046937\n",
       "culture_ratio     0.039384  0.060616  0.011809  0.022222\n",
       "chest_ratio       0.012904  0.002464  0.005741  0.010897\n",
       "bed_count         0.001369  0.001129  0.000625  0.001099\n",
       "med_school        0.603350  0.337098  0.342872  0.603905\n",
       "nurses_per_bed    0.759857  2.067059  0.533579  1.102020\n",
       "capacity_ratio    1.467618  0.966024  0.954801  2.578747\n",
       "region_1         -1.805209 -1.019312  0.451117  0.912233\n",
       "region_2         -1.221096 -0.589537  0.384429  0.638521\n",
       "region_3         -1.529168 -0.272697  0.420995  0.774255\n",
       "region_4         -0.038105 -0.431902  0.385425  0.682175"
      ]
     },
     "execution_count": 44,
     "metadata": {},
     "output_type": "execute_result"
    }
   ],
   "source": [
    "val_coef_comparison = pd.concat([train_fit.params,val_fit.params, train_fit.bse,  val_fit.bse],axis=1)\n",
    "\n",
    "val_coef_comparison.columns =['train_coef','val_coef', 'train_se','val_se']\n",
    "val_coef_comparison.loc[(val_coef_comparison['train_coef']>0)==(val_coef_comparison['val_coef']>0),:]"
   ]
  },
  {
   "cell_type": "code",
   "execution_count": 43,
   "metadata": {},
   "outputs": [
    {
     "data": {
      "text/html": [
       "<div>\n",
       "<style scoped>\n",
       "    .dataframe tbody tr th:only-of-type {\n",
       "        vertical-align: middle;\n",
       "    }\n",
       "\n",
       "    .dataframe tbody tr th {\n",
       "        vertical-align: top;\n",
       "    }\n",
       "\n",
       "    .dataframe thead th {\n",
       "        text-align: right;\n",
       "    }\n",
       "</style>\n",
       "<table border=\"1\" class=\"dataframe\">\n",
       "  <thead>\n",
       "    <tr style=\"text-align: right;\">\n",
       "      <th></th>\n",
       "      <th>train_coef</th>\n",
       "      <th>train_se</th>\n",
       "      <th>val_coef</th>\n",
       "      <th>val_se</th>\n",
       "    </tr>\n",
       "  </thead>\n",
       "  <tbody>\n",
       "    <tr>\n",
       "      <th>Intercept</th>\n",
       "      <td>-4.593577</td>\n",
       "      <td>1.457893</td>\n",
       "      <td>-2.313448</td>\n",
       "      <td>2.507771</td>\n",
       "    </tr>\n",
       "    <tr>\n",
       "      <th>stay_length</th>\n",
       "      <td>0.438024</td>\n",
       "      <td>0.095385</td>\n",
       "      <td>0.241389</td>\n",
       "      <td>0.128246</td>\n",
       "    </tr>\n",
       "    <tr>\n",
       "      <th>age</th>\n",
       "      <td>0.024393</td>\n",
       "      <td>0.024687</td>\n",
       "      <td>0.013824</td>\n",
       "      <td>0.046937</td>\n",
       "    </tr>\n",
       "    <tr>\n",
       "      <th>culture_ratio</th>\n",
       "      <td>0.039384</td>\n",
       "      <td>0.011809</td>\n",
       "      <td>0.060616</td>\n",
       "      <td>0.022222</td>\n",
       "    </tr>\n",
       "    <tr>\n",
       "      <th>chest_ratio</th>\n",
       "      <td>0.012904</td>\n",
       "      <td>0.005741</td>\n",
       "      <td>0.002464</td>\n",
       "      <td>0.010897</td>\n",
       "    </tr>\n",
       "    <tr>\n",
       "      <th>bed_count</th>\n",
       "      <td>0.001369</td>\n",
       "      <td>0.000625</td>\n",
       "      <td>0.001129</td>\n",
       "      <td>0.001099</td>\n",
       "    </tr>\n",
       "    <tr>\n",
       "      <th>med_school</th>\n",
       "      <td>0.603350</td>\n",
       "      <td>0.342872</td>\n",
       "      <td>0.337098</td>\n",
       "      <td>0.603905</td>\n",
       "    </tr>\n",
       "    <tr>\n",
       "      <th>nurses_per_bed</th>\n",
       "      <td>0.759857</td>\n",
       "      <td>0.533579</td>\n",
       "      <td>2.067059</td>\n",
       "      <td>1.102020</td>\n",
       "    </tr>\n",
       "    <tr>\n",
       "      <th>capacity_ratio</th>\n",
       "      <td>1.467618</td>\n",
       "      <td>0.954801</td>\n",
       "      <td>0.966024</td>\n",
       "      <td>2.578747</td>\n",
       "    </tr>\n",
       "    <tr>\n",
       "      <th>region_1</th>\n",
       "      <td>-1.805209</td>\n",
       "      <td>0.451117</td>\n",
       "      <td>-1.019312</td>\n",
       "      <td>0.912233</td>\n",
       "    </tr>\n",
       "    <tr>\n",
       "      <th>region_2</th>\n",
       "      <td>-1.221096</td>\n",
       "      <td>0.384429</td>\n",
       "      <td>-0.589537</td>\n",
       "      <td>0.638521</td>\n",
       "    </tr>\n",
       "    <tr>\n",
       "      <th>region_3</th>\n",
       "      <td>-1.529168</td>\n",
       "      <td>0.420995</td>\n",
       "      <td>-0.272697</td>\n",
       "      <td>0.774255</td>\n",
       "    </tr>\n",
       "    <tr>\n",
       "      <th>region_4</th>\n",
       "      <td>-0.038105</td>\n",
       "      <td>0.385425</td>\n",
       "      <td>-0.431902</td>\n",
       "      <td>0.682175</td>\n",
       "    </tr>\n",
       "  </tbody>\n",
       "</table>\n",
       "</div>"
      ],
      "text/plain": [
       "                train_coef  train_se  val_coef    val_se\n",
       "Intercept        -4.593577  1.457893 -2.313448  2.507771\n",
       "stay_length       0.438024  0.095385  0.241389  0.128246\n",
       "age               0.024393  0.024687  0.013824  0.046937\n",
       "culture_ratio     0.039384  0.011809  0.060616  0.022222\n",
       "chest_ratio       0.012904  0.005741  0.002464  0.010897\n",
       "bed_count         0.001369  0.000625  0.001129  0.001099\n",
       "med_school        0.603350  0.342872  0.337098  0.603905\n",
       "nurses_per_bed    0.759857  0.533579  2.067059  1.102020\n",
       "capacity_ratio    1.467618  0.954801  0.966024  2.578747\n",
       "region_1         -1.805209  0.451117 -1.019312  0.912233\n",
       "region_2         -1.221096  0.384429 -0.589537  0.638521\n",
       "region_3         -1.529168  0.420995 -0.272697  0.774255\n",
       "region_4         -0.038105  0.385425 -0.431902  0.682175"
      ]
     },
     "execution_count": 43,
     "metadata": {},
     "output_type": "execute_result"
    }
   ],
   "source": [
    "val_coef_comparison"
   ]
  },
  {
   "cell_type": "code",
   "execution_count": null,
   "metadata": {},
   "outputs": [],
   "source": []
  }
 ],
 "metadata": {
  "kernelspec": {
   "display_name": "Python 3",
   "language": "python",
   "name": "python3"
  },
  "language_info": {
   "codemirror_mode": {
    "name": "ipython",
    "version": 3
   },
   "file_extension": ".py",
   "mimetype": "text/x-python",
   "name": "python",
   "nbconvert_exporter": "python",
   "pygments_lexer": "ipython3",
   "version": "3.7.7"
  }
 },
 "nbformat": 4,
 "nbformat_minor": 4
}
